The check function found   :  (1, -30)
while search vertical found:  (1, -30)

 ---------------------------------
event is  [0, -20]
beachline is  [[1, -30]]

--------------------------

Edges are  []
____________________________________________



The check function found   :  (0, -20)
while search vertical found:  (0, -20)

 ---------------------------------
event is  [23, 8]
beachline is  [[1, -30], [0, -20], [1, -30]]

--------------------------

Edges are  [[[[1, -30], [0, -20]], [-25.05, None]], [[[0, -20], [1, -30]], [-25.05, None]]]
____________________________________________



The check function found   :  (23, 8)
while search vertical found:  (23, 8)

 ---------------------------------
event is  [87, 14]
beachline is  [[1, -30], [0, -20], [23, 8], [0, -20], [1, -30]]

--------------------------

Edges are  [[[[1, -30], [0, -20]], [-25.05, None]], [[[0, -20], [23, 8]], [-15.446428571428571, None]], [[[23, 8], [0, -20]], [-15.446428571428571, None]], [[[0, -20], [1, -30]], [-25.05, None]]]
____________________________________________



The check function found   :  (87, 14)
while search vertical found:  (23, 8)

 ---------------------------------
event is  [72, 18]
beachline is  [[1, -30], [0, -20], [23, 8], [87, 14], [23, 8], [0, -20], [1, -30]]

--------------------------

Edges are  [[[[1, -30], [0, -20]], [-25.05, None]], [[[0, -20], [23, 8]], [-15.446428571428571, None]], [[[23, 8], [87, 14]], [-330.3333333333333, None]], [[[87, 14], [23, 8]], [-330.3333333333333, None]], [[[23, 8], [0, -20]], [-15.446428571428571, None]], [[[0, -20], [1, -30]], [-25.05, None]]]
____________________________________________



The check function found   :  (72, 18)
while search vertical found:  (23, 8)

 ---------------------------------
event is  [73, 30]
beachline is  [[1, -30], [0, -20], [23, 8], [72, 18], [23, 8], [87, 14], [23, 8], [0, -20], [1, -30]]

--------------------------

Edges are  [[[[1, -30], [0, -20]], [-25.05, None]], [[[0, -20], [23, 8]], [-15.446428571428571, None]], [[[23, 8], [87, 14]], [-330.3333333333333, None]], [[[23, 8], [72, 18]], [-107.05, None]], [[[72, 18], [23, 8]], [-107.05, None]], [[[87, 14], [23, 8]], [-330.3333333333333, None]], [[[23, 8], [0, -20]], [-15.446428571428571, None]], [[[0, -20], [1, -30]], [-25.05, None]]]
____________________________________________



The check function found   :  (72, 18)
while search vertical found:  (0, -20)

 ---------------------------------
event is  [25, 43]
beachline is  [[1, -30], [0, -20], [23, 8], [73, 30], [23, 8], [72, 18], [23, 8], [87, 14], [23, 8], [0, -20], [1, -30]]

--------------------------

Edges are  [[[[1, -30], [0, -20]], [-25.05, None]], [[[0, -20], [23, 8]], [-15.446428571428571, None]], [[[23, 8], [87, 14]], [-330.3333333333333, None]], [[[23, 8], [72, 18]], [-107.05, None]], [[[23, 8], [73, 30]], [-37.81818181818182, None]], [[[73, 30], [23, 8]], [-37.81818181818182, None]], [[[72, 18], [23, 8]], [-107.05, None]], [[[87, 14], [23, 8]], [-330.3333333333333, None]], [[[23, 8], [0, -20]], [-15.446428571428571, None]], [[[0, -20], [1, -30]], [-25.05, None]]]
____________________________________________



The check function found   :  (73, 30)
while search vertical found:  (25, 43)

 ---------------------------------
event is  [93, 51]
beachline is  [[1, -30], [0, -20], [25, 43], [0, -20], [23, 8], [73, 30], [23, 8], [72, 18], [23, 8], [87, 14], [23, 8], [0, -20], [1, -30]]

--------------------------

Edges are  [[[[0, -20], [25, 43]], [6.5396825396825395, None]], [[[25, 43], [0, -20]], [6.5396825396825395, None]], [[[1, -30], [0, -20]], [-25.05, None]], [[[0, -20], [23, 8]], [-15.446428571428571, None]], [[[23, 8], [87, 14]], [-330.3333333333333, None]], [[[23, 8], [72, 18]], [-107.05, None]], [[[23, 8], [73, 30]], [-37.81818181818182, None]], [[[73, 30], [23, 8]], [-37.81818181818182, None]], [[[72, 18], [23, 8]], [-107.05, None]], [[[87, 14], [23, 8]], [-330.3333333333333, None]], [[[23, 8], [0, -20]], [-15.446428571428571, None]], [[[0, -20], [1, -30]], [-25.05, None]]]
____________________________________________



The check function found   :  (93, 51)
while search vertical found:  (0, -20)

 ---------------------------------
event is  [65, 54]
beachline is  [[1, -30], [0, -20], [25, 43], [93, 51], [25, 43], [0, -20], [23, 8], [73, 30], [23, 8], [72, 18], [23, 8], [87, 14], [23, 8], [0, -20], [1, -30]]

--------------------------

Edges are  [[[[0, -20], [25, 43]], [6.5396825396825395, None]], [[[25, 43], [93, 51]], [-242.0, None]], [[[93, 51], [25, 43]], [-242.0, None]], [[[25, 43], [0, -20]], [6.5396825396825395, None]], [[[1, -30], [0, -20]], [-25.05, None]], [[[0, -20], [23, 8]], [-15.446428571428571, None]], [[[23, 8], [87, 14]], [-330.3333333333333, None]], [[[23, 8], [72, 18]], [-107.05, None]], [[[23, 8], [73, 30]], [-37.81818181818182, None]], [[[73, 30], [23, 8]], [-37.81818181818182, None]], [[[72, 18], [23, 8]], [-107.05, None]], [[[87, 14], [23, 8]], [-330.3333333333333, None]], [[[23, 8], [0, -20]], [-15.446428571428571, None]], [[[0, -20], [1, -30]], [-25.05, None]]]
____________________________________________



The check function found   :  (65, 54)
while search vertical found:  (65, 54)

 ---------------------------------
event is  [81, 61]
beachline is  [[1, -30], [0, -20], [65, 54], [0, -20], [25, 43], [93, 51], [25, 43], [0, -20], [23, 8], [73, 30], [23, 8], [72, 18], [23, 8], [87, 14], [23, 8], [0, -20], [1, -30]]

--------------------------

Edges are  [[[[0, -20], [65, 54]], [-11.547297297297296, None]], [[[65, 54], [0, -20]], [-11.547297297297296, None]], [[[0, -20], [25, 43]], [6.5396825396825395, None]], [[[25, 43], [93, 51]], [-242.0, None]], [[[93, 51], [25, 43]], [-242.0, None]], [[[25, 43], [0, -20]], [6.5396825396825395, None]], [[[1, -30], [0, -20]], [-25.05, None]], [[[0, -20], [23, 8]], [-15.446428571428571, None]], [[[23, 8], [87, 14]], [-330.3333333333333, None]], [[[23, 8], [72, 18]], [-107.05, None]], [[[23, 8], [73, 30]], [-37.81818181818182, None]], [[[73, 30], [23, 8]], [-37.81818181818182, None]], [[[72, 18], [23, 8]], [-107.05, None]], [[[87, 14], [23, 8]], [-330.3333333333333, None]], [[[23, 8], [0, -20]], [-15.446428571428571, None]], [[[0, -20], [1, -30]], [-25.05, None]]]
____________________________________________



The check function found   :  (81, 61)
while search vertical found:  (0, -20)

 ---------------------------------
event is  [65, 65]
beachline is  [[1, -30], [0, -20], [65, 54], [81, 61], [65, 54], [0, -20], [25, 43], [93, 51], [25, 43], [0, -20], [23, 8], [73, 30], [23, 8], [72, 18], [23, 8], [87, 14], [23, 8], [0, -20], [1, -30]]

--------------------------

Edges are  [[[[65, 54], [81, 61]], [39.214285714285715, None]], [[[81, 61], [65, 54]], [39.214285714285715, None]], [[[0, -20], [65, 54]], [-11.547297297297296, None]], [[[65, 54], [0, -20]], [-11.547297297297296, None]], [[[0, -20], [25, 43]], [6.5396825396825395, None]], [[[25, 43], [93, 51]], [-242.0, None]], [[[93, 51], [25, 43]], [-242.0, None]], [[[25, 43], [0, -20]], [6.5396825396825395, None]], [[[1, -30], [0, -20]], [-25.05, None]], [[[0, -20], [23, 8]], [-15.446428571428571, None]], [[[23, 8], [87, 14]], [-330.3333333333333, None]], [[[23, 8], [72, 18]], [-107.05, None]], [[[23, 8], [73, 30]], [-37.81818181818182, None]], [[[73, 30], [23, 8]], [-37.81818181818182, None]], [[[72, 18], [23, 8]], [-107.05, None]], [[[87, 14], [23, 8]], [-330.3333333333333, None]], [[[23, 8], [0, -20]], [-15.446428571428571, None]], [[[0, -20], [1, -30]], [-25.05, None]]]
____________________________________________



The check function found   :  (65, 65)
while search vertical found:  (0, -20)

 ---------------------------------
event is  [5, 67]
beachline is  [[1, -30], [0, -20], [65, 65], [0, -20], [65, 54], [81, 61], [65, 54], [0, -20], [25, 43], [93, 51], [25, 43], [0, -20], [23, 8], [73, 30], [23, 8], [72, 18], [23, 8], [87, 14], [23, 8], [0, -20], [1, -30]]

--------------------------

Edges are  [[[[65, 54], [81, 61]], [39.214285714285715, None]], [[[0, -20], [65, 65]], [-2.3529411764705883, None]], [[[65, 65], [0, -20]], [-2.3529411764705883, None]], [[[81, 61], [65, 54]], [39.214285714285715, None]], [[[0, -20], [65, 54]], [-11.547297297297296, None]], [[[65, 54], [0, -20]], [-11.547297297297296, None]], [[[0, -20], [25, 43]], [6.5396825396825395, None]], [[[25, 43], [93, 51]], [-242.0, None]], [[[93, 51], [25, 43]], [-242.0, None]], [[[25, 43], [0, -20]], [6.5396825396825395, None]], [[[1, -30], [0, -20]], [-25.05, None]], [[[0, -20], [23, 8]], [-15.446428571428571, None]], [[[23, 8], [87, 14]], [-330.3333333333333, None]], [[[23, 8], [72, 18]], [-107.05, None]], [[[23, 8], [73, 30]], [-37.81818181818182, None]], [[[73, 30], [23, 8]], [-37.81818181818182, None]], [[[72, 18], [23, 8]], [-107.05, None]], [[[87, 14], [23, 8]], [-330.3333333333333, None]], [[[23, 8], [0, -20]], [-15.446428571428571, None]], [[[0, -20], [1, -30]], [-25.05, None]]]
____________________________________________



The check function found   :  (65, 65)
while search vertical found:  (0, -20)

 ---------------------------------
event is  [44, 70]
beachline is  [[1, -30], [0, -20], [5, 67], [0, -20], [65, 65], [0, -20], [65, 54], [81, 61], [65, 54], [0, -20], [25, 43], [93, 51], [25, 43], [0, -20], [23, 8], [73, 30], [23, 8], [72, 18], [23, 8], [87, 14], [23, 8], [0, -20], [1, -30]]

--------------------------

Edges are  [[[[65, 54], [81, 61]], [39.214285714285715, None]], [[[0, -20], [5, 67]], [23.35632183908046, None]], [[[5, 67], [0, -20]], [23.35632183908046, None]], [[[0, -20], [65, 65]], [-2.3529411764705883, None]], [[[65, 65], [0, -20]], [-2.3529411764705883, None]], [[[81, 61], [65, 54]], [39.214285714285715, None]], [[[0, -20], [65, 54]], [-11.547297297297296, None]], [[[65, 54], [0, -20]], [-11.547297297297296, None]], [[[0, -20], [25, 43]], [6.5396825396825395, None]], [[[25, 43], [93, 51]], [-242.0, None]], [[[93, 51], [25, 43]], [-242.0, None]], [[[25, 43], [0, -20]], [6.5396825396825395, None]], [[[1, -30], [0, -20]], [-25.05, None]], [[[0, -20], [23, 8]], [-15.446428571428571, None]], [[[23, 8], [87, 14]], [-330.3333333333333, None]], [[[23, 8], [72, 18]], [-107.05, None]], [[[23, 8], [73, 30]], [-37.81818181818182, None]], [[[73, 30], [23, 8]], [-37.81818181818182, None]], [[[72, 18], [23, 8]], [-107.05, None]], [[[87, 14], [23, 8]], [-330.3333333333333, None]], [[[23, 8], [0, -20]], [-15.446428571428571, None]], [[[0, -20], [1, -30]], [-25.05, None]]]
____________________________________________



The check function found   :  (65, 54)
while search vertical found:  (0, -20)

 ---------------------------------
event is  [15, 74]
beachline is  [[1, -30], [0, -20], [44, 70], [0, -20], [5, 67], [0, -20], [65, 65], [0, -20], [65, 54], [81, 61], [65, 54], [0, -20], [25, 43], [93, 51], [25, 43], [0, -20], [23, 8], [73, 30], [23, 8], [72, 18], [23, 8], [87, 14], [23, 8], [0, -20], [1, -30]]

--------------------------

Edges are  [[[[65, 54], [81, 61]], [39.214285714285715, None]], [[[0, -20], [44, 70]], [14.244444444444444, None]], [[[44, 70], [0, -20]], [14.244444444444444, None]], [[[0, -20], [5, 67]], [23.35632183908046, None]], [[[5, 67], [0, -20]], [23.35632183908046, None]], [[[0, -20], [65, 65]], [-2.3529411764705883, None]], [[[65, 65], [0, -20]], [-2.3529411764705883, None]], [[[81, 61], [65, 54]], [39.214285714285715, None]], [[[0, -20], [65, 54]], [-11.547297297297296, None]], [[[65, 54], [0, -20]], [-11.547297297297296, None]], [[[0, -20], [25, 43]], [6.5396825396825395, None]], [[[25, 43], [93, 51]], [-242.0, None]], [[[93, 51], [25, 43]], [-242.0, None]], [[[25, 43], [0, -20]], [6.5396825396825395, None]], [[[1, -30], [0, -20]], [-25.05, None]], [[[0, -20], [23, 8]], [-15.446428571428571, None]], [[[23, 8], [87, 14]], [-330.3333333333333, None]], [[[23, 8], [72, 18]], [-107.05, None]], [[[23, 8], [73, 30]], [-37.81818181818182, None]], [[[73, 30], [23, 8]], [-37.81818181818182, None]], [[[72, 18], [23, 8]], [-107.05, None]], [[[87, 14], [23, 8]], [-330.3333333333333, None]], [[[23, 8], [0, -20]], [-15.446428571428571, None]], [[[0, -20], [1, -30]], [-25.05, None]]]
____________________________________________



The check function found   :  (93, 51)
while search vertical found:  (0, -20)

 ---------------------------------
event is  [31, 81]
beachline is  [[1, -30], [0, -20], [15, 74], [0, -20], [44, 70], [0, -20], [5, 67], [0, -20], [65, 65], [0, -20], [65, 54], [81, 61], [65, 54], [0, -20], [25, 43], [93, 51], [25, 43], [0, -20], [23, 8], [73, 30], [23, 8], [72, 18], [23, 8], [87, 14], [23, 8], [0, -20], [1, -30]]

--------------------------

Edges are  [[[[65, 54], [81, 61]], [39.214285714285715, None]], [[[0, -20], [15, 74]], [25.8031914893617, None]], [[[15, 74], [0, -20]], [25.8031914893617, None]], [[[0, -20], [44, 70]], [14.244444444444444, None]], [[[44, 70], [0, -20]], [14.244444444444444, None]], [[[0, -20], [5, 67]], [23.35632183908046, None]], [[[5, 67], [0, -20]], [23.35632183908046, None]], [[[0, -20], [65, 65]], [-2.3529411764705883, None]], [[[65, 65], [0, -20]], [-2.3529411764705883, None]], [[[81, 61], [65, 54]], [39.214285714285715, None]], [[[0, -20], [65, 54]], [-11.547297297297296, None]], [[[65, 54], [0, -20]], [-11.547297297297296, None]], [[[0, -20], [25, 43]], [6.5396825396825395, None]], [[[25, 43], [93, 51]], [-242.0, None]], [[[93, 51], [25, 43]], [-242.0, None]], [[[25, 43], [0, -20]], [6.5396825396825395, None]], [[[1, -30], [0, -20]], [-25.05, None]], [[[0, -20], [23, 8]], [-15.446428571428571, None]], [[[23, 8], [87, 14]], [-330.3333333333333, None]], [[[23, 8], [72, 18]], [-107.05, None]], [[[23, 8], [73, 30]], [-37.81818181818182, None]], [[[73, 30], [23, 8]], [-37.81818181818182, None]], [[[72, 18], [23, 8]], [-107.05, None]], [[[87, 14], [23, 8]], [-330.3333333333333, None]], [[[23, 8], [0, -20]], [-15.446428571428571, None]], [[[0, -20], [1, -30]], [-25.05, None]]]
____________________________________________



The check function found   :  (31, 81)
while search vertical found:  (0, -20)

 ---------------------------------
event is  [30, 82]
beachline is  [[1, -30], [0, -20], [31, 81], [0, -20], [15, 74], [0, -20], [44, 70], [0, -20], [5, 67], [0, -20], [65, 65], [0, -20], [65, 54], [81, 61], [65, 54], [0, -20], [25, 43], [93, 51], [25, 43], [0, -20], [23, 8], [73, 30], [23, 8], [72, 18], [23, 8], [87, 14], [23, 8], [0, -20], [1, -30]]

--------------------------

Edges are  [[[[65, 54], [81, 61]], [39.214285714285715, None]], [[[0, -20], [31, 81]], [25.742574257425744, None]], [[[31, 81], [0, -20]], [25.742574257425744, None]], [[[0, -20], [15, 74]], [25.8031914893617, None]], [[[15, 74], [0, -20]], [25.8031914893617, None]], [[[0, -20], [44, 70]], [14.244444444444444, None]], [[[44, 70], [0, -20]], [14.244444444444444, None]], [[[0, -20], [5, 67]], [23.35632183908046, None]], [[[5, 67], [0, -20]], [23.35632183908046, None]], [[[0, -20], [65, 65]], [-2.3529411764705883, None]], [[[65, 65], [0, -20]], [-2.3529411764705883, None]], [[[81, 61], [65, 54]], [39.214285714285715, None]], [[[0, -20], [65, 54]], [-11.547297297297296, None]], [[[65, 54], [0, -20]], [-11.547297297297296, None]], [[[0, -20], [25, 43]], [6.5396825396825395, None]], [[[25, 43], [93, 51]], [-242.0, None]], [[[93, 51], [25, 43]], [-242.0, None]], [[[25, 43], [0, -20]], [6.5396825396825395, None]], [[[1, -30], [0, -20]], [-25.05, None]], [[[0, -20], [23, 8]], [-15.446428571428571, None]], [[[23, 8], [87, 14]], [-330.3333333333333, None]], [[[23, 8], [72, 18]], [-107.05, None]], [[[23, 8], [73, 30]], [-37.81818181818182, None]], [[[73, 30], [23, 8]], [-37.81818181818182, None]], [[[72, 18], [23, 8]], [-107.05, None]], [[[87, 14], [23, 8]], [-330.3333333333333, None]], [[[23, 8], [0, -20]], [-15.446428571428571, None]], [[[0, -20], [1, -30]], [-25.05, None]]]
____________________________________________



The check function found   :  (81, 61)
while search vertical found:  (0, -20)

 ---------------------------------
event is  [15, 89]
beachline is  [[1, -30], [0, -20], [30, 82], [0, -20], [31, 81], [0, -20], [15, 74], [0, -20], [44, 70], [0, -20], [5, 67], [0, -20], [65, 65], [0, -20], [65, 54], [81, 61], [65, 54], [0, -20], [25, 43], [93, 51], [25, 43], [0, -20], [23, 8], [73, 30], [23, 8], [72, 18], [23, 8], [87, 14], [23, 8], [0, -20], [1, -30]]

--------------------------

Edges are  [[[[65, 54], [81, 61]], [39.214285714285715, None]], [[[0, -20], [30, 82]], [26.58823529411765, None]], [[[30, 82], [0, -20]], [26.58823529411765, None]], [[[0, -20], [31, 81]], [25.742574257425744, None]], [[[31, 81], [0, -20]], [25.742574257425744, None]], [[[0, -20], [15, 74]], [25.8031914893617, None]], [[[15, 74], [0, -20]], [25.8031914893617, None]], [[[0, -20], [44, 70]], [14.244444444444444, None]], [[[44, 70], [0, -20]], [14.244444444444444, None]], [[[0, -20], [5, 67]], [23.35632183908046, None]], [[[5, 67], [0, -20]], [23.35632183908046, None]], [[[0, -20], [65, 65]], [-2.3529411764705883, None]], [[[65, 65], [0, -20]], [-2.3529411764705883, None]], [[[81, 61], [65, 54]], [39.214285714285715, None]], [[[0, -20], [65, 54]], [-11.547297297297296, None]], [[[65, 54], [0, -20]], [-11.547297297297296, None]], [[[0, -20], [25, 43]], [6.5396825396825395, None]], [[[25, 43], [93, 51]], [-242.0, None]], [[[93, 51], [25, 43]], [-242.0, None]], [[[25, 43], [0, -20]], [6.5396825396825395, None]], [[[1, -30], [0, -20]], [-25.05, None]], [[[0, -20], [23, 8]], [-15.446428571428571, None]], [[[23, 8], [87, 14]], [-330.3333333333333, None]], [[[23, 8], [72, 18]], [-107.05, None]], [[[23, 8], [73, 30]], [-37.81818181818182, None]], [[[73, 30], [23, 8]], [-37.81818181818182, None]], [[[72, 18], [23, 8]], [-107.05, None]], [[[87, 14], [23, 8]], [-330.3333333333333, None]], [[[23, 8], [0, -20]], [-15.446428571428571, None]], [[[0, -20], [1, -30]], [-25.05, None]]]
____________________________________________



The check function found   :  (15, 89)
while search vertical found:  (0, -20)

 ---------------------------------
event is  [35, 96]
beachline is  [[1, -30], [0, -20], [15, 89], [0, -20], [30, 82], [0, -20], [31, 81], [0, -20], [15, 74], [0, -20], [44, 70], [0, -20], [5, 67], [0, -20], [65, 65], [0, -20], [65, 54], [81, 61], [65, 54], [0, -20], [25, 43], [93, 51], [25, 43], [0, -20], [23, 8], [73, 30], [23, 8], [72, 18], [23, 8], [87, 14], [23, 8], [0, -20], [1, -30]]

--------------------------

Edges are  [[[[65, 54], [81, 61]], [39.214285714285715, None]], [[[0, -20], [15, 89]], [33.46788990825688, None]], [[[15, 89], [0, -20]], [33.46788990825688, None]], [[[0, -20], [30, 82]], [26.58823529411765, None]], [[[30, 82], [0, -20]], [26.58823529411765, None]], [[[0, -20], [31, 81]], [25.742574257425744, None]], [[[31, 81], [0, -20]], [25.742574257425744, None]], [[[0, -20], [15, 74]], [25.8031914893617, None]], [[[15, 74], [0, -20]], [25.8031914893617, None]], [[[0, -20], [44, 70]], [14.244444444444444, None]], [[[44, 70], [0, -20]], [14.244444444444444, None]], [[[0, -20], [5, 67]], [23.35632183908046, None]], [[[5, 67], [0, -20]], [23.35632183908046, None]], [[[0, -20], [65, 65]], [-2.3529411764705883, None]], [[[65, 65], [0, -20]], [-2.3529411764705883, None]], [[[81, 61], [65, 54]], [39.214285714285715, None]], [[[0, -20], [65, 54]], [-11.547297297297296, None]], [[[65, 54], [0, -20]], [-11.547297297297296, None]], [[[0, -20], [25, 43]], [6.5396825396825395, None]], [[[25, 43], [93, 51]], [-242.0, None]], [[[93, 51], [25, 43]], [-242.0, None]], [[[25, 43], [0, -20]], [6.5396825396825395, None]], [[[1, -30], [0, -20]], [-25.05, None]], [[[0, -20], [23, 8]], [-15.446428571428571, None]], [[[23, 8], [87, 14]], [-330.3333333333333, None]], [[[23, 8], [72, 18]], [-107.05, None]], [[[23, 8], [73, 30]], [-37.81818181818182, None]], [[[73, 30], [23, 8]], [-37.81818181818182, None]], [[[72, 18], [23, 8]], [-107.05, None]], [[[87, 14], [23, 8]], [-330.3333333333333, None]], [[[23, 8], [0, -20]], [-15.446428571428571, None]], [[[0, -20], [1, -30]], [-25.05, None]]]
____________________________________________



The check function found   :  (35, 96)
while search vertical found:  (0, -20)

 ---------------------------------
event is  [23, 98]
beachline is  [[1, -30], [0, -20], [35, 96], [0, -20], [15, 89], [0, -20], [30, 82], [0, -20], [31, 81], [0, -20], [15, 74], [0, -20], [44, 70], [0, -20], [5, 67], [0, -20], [65, 65], [0, -20], [65, 54], [81, 61], [65, 54], [0, -20], [25, 43], [93, 51], [25, 43], [0, -20], [23, 8], [73, 30], [23, 8], [72, 18], [23, 8], [87, 14], [23, 8], [0, -20], [1, -30]]

--------------------------

Edges are  [[[[65, 54], [81, 61]], [39.214285714285715, None]], [[[0, -20], [35, 96]], [32.7198275862069, None]], [[[35, 96], [0, -20]], [32.7198275862069, None]], [[[0, -20], [15, 89]], [33.46788990825688, None]], [[[15, 89], [0, -20]], [33.46788990825688, None]], [[[0, -20], [30, 82]], [26.58823529411765, None]], [[[30, 82], [0, -20]], [26.58823529411765, None]], [[[0, -20], [31, 81]], [25.742574257425744, None]], [[[31, 81], [0, -20]], [25.742574257425744, None]], [[[0, -20], [15, 74]], [25.8031914893617, None]], [[[15, 74], [0, -20]], [25.8031914893617, None]], [[[0, -20], [44, 70]], [14.244444444444444, None]], [[[44, 70], [0, -20]], [14.244444444444444, None]], [[[0, -20], [5, 67]], [23.35632183908046, None]], [[[5, 67], [0, -20]], [23.35632183908046, None]], [[[0, -20], [65, 65]], [-2.3529411764705883, None]], [[[65, 65], [0, -20]], [-2.3529411764705883, None]], [[[81, 61], [65, 54]], [39.214285714285715, None]], [[[0, -20], [65, 54]], [-11.547297297297296, None]], [[[65, 54], [0, -20]], [-11.547297297297296, None]], [[[0, -20], [25, 43]], [6.5396825396825395, None]], [[[25, 43], [93, 51]], [-242.0, None]], [[[93, 51], [25, 43]], [-242.0, None]], [[[25, 43], [0, -20]], [6.5396825396825395, None]], [[[1, -30], [0, -20]], [-25.05, None]], [[[0, -20], [23, 8]], [-15.446428571428571, None]], [[[23, 8], [87, 14]], [-330.3333333333333, None]], [[[23, 8], [72, 18]], [-107.05, None]], [[[23, 8], [73, 30]], [-37.81818181818182, None]], [[[73, 30], [23, 8]], [-37.81818181818182, None]], [[[72, 18], [23, 8]], [-107.05, None]], [[[87, 14], [23, 8]], [-330.3333333333333, None]], [[[23, 8], [0, -20]], [-15.446428571428571, None]], [[[0, -20], [1, -30]], [-25.05, None]]]
____________________________________________



The check function found   :  (23, 98)
while search vertical found:  (0, -20)

 ---------------------------------
event is  [19, 99]
beachline is  [[1, -30], [0, -20], [23, 98], [0, -20], [35, 96], [0, -20], [15, 89], [0, -20], [30, 82], [0, -20], [31, 81], [0, -20], [15, 74], [0, -20], [44, 70], [0, -20], [5, 67], [0, -20], [65, 65], [0, -20], [65, 54], [81, 61], [65, 54], [0, -20], [25, 43], [93, 51], [25, 43], [0, -20], [23, 8], [73, 30], [23, 8], [72, 18], [23, 8], [87, 14], [23, 8], [0, -20], [1, -30]]

--------------------------

Edges are  [[[[65, 54], [81, 61]], [39.214285714285715, None]], [[[0, -20], [23, 98]], [36.75847457627118, None]], [[[23, 98], [0, -20]], [36.75847457627118, None]], [[[0, -20], [35, 96]], [32.7198275862069, None]], [[[35, 96], [0, -20]], [32.7198275862069, None]], [[[0, -20], [15, 89]], [33.46788990825688, None]], [[[15, 89], [0, -20]], [33.46788990825688, None]], [[[0, -20], [30, 82]], [26.58823529411765, None]], [[[30, 82], [0, -20]], [26.58823529411765, None]], [[[0, -20], [31, 81]], [25.742574257425744, None]], [[[31, 81], [0, -20]], [25.742574257425744, None]], [[[0, -20], [15, 74]], [25.8031914893617, None]], [[[15, 74], [0, -20]], [25.8031914893617, None]], [[[0, -20], [44, 70]], [14.244444444444444, None]], [[[44, 70], [0, -20]], [14.244444444444444, None]], [[[0, -20], [5, 67]], [23.35632183908046, None]], [[[5, 67], [0, -20]], [23.35632183908046, None]], [[[0, -20], [65, 65]], [-2.3529411764705883, None]], [[[65, 65], [0, -20]], [-2.3529411764705883, None]], [[[81, 61], [65, 54]], [39.214285714285715, None]], [[[0, -20], [65, 54]], [-11.547297297297296, None]], [[[65, 54], [0, -20]], [-11.547297297297296, None]], [[[0, -20], [25, 43]], [6.5396825396825395, None]], [[[25, 43], [93, 51]], [-242.0, None]], [[[93, 51], [25, 43]], [-242.0, None]], [[[25, 43], [0, -20]], [6.5396825396825395, None]], [[[1, -30], [0, -20]], [-25.05, None]], [[[0, -20], [23, 8]], [-15.446428571428571, None]], [[[23, 8], [87, 14]], [-330.3333333333333, None]], [[[23, 8], [72, 18]], [-107.05, None]], [[[23, 8], [73, 30]], [-37.81818181818182, None]], [[[73, 30], [23, 8]], [-37.81818181818182, None]], [[[72, 18], [23, 8]], [-107.05, None]], [[[87, 14], [23, 8]], [-330.3333333333333, None]], [[[23, 8], [0, -20]], [-15.446428571428571, None]], [[[0, -20], [1, -30]], [-25.05, None]]]
____________________________________________



